281 282 283 284 285 286 287 288 289 290
1   2   3   4   5   6   7   8   9   10

291 292 293 294 295 296 297 298 299 300
11  12  13  14  15  16  17  18  19  20

301 302 303 304 305 306 307 308 309 310
21  22  23  24  25  26  27  28  29  30

311 312 313 314 315 316 317 318 319 320
31  32  33  34  35  36  37  38  39  40

321 322 323 324 325 326 327 328 329 330
41  42  43  44  45  46  47  48  49  50

331 332 333 334 335 336 337 338 339 340
51  52  53  54  55  56  57  58  59  60

341 342 343 344 345 346
61  62  63  64  65  66